36,5
36,4
36,3
36,2
36,1
36,0
33,5
33,4
33,3
33,2
33,1
33,0
30,4
30,3
30,2
30,1
30,0
28,4
28,3
28,2
28,1
28,0
23,5
23,4
23,3
23,2
23,1
23,0
20,4
20,3
20,2
20,1
20,0
19,5
19,4
19,3
19,2
19,1
19,0
17,5
17,4
17,3
17,2
17,1
17,0
14,3
14,2
14,1
14,0
11,4
11,3
11,2
11,1
11,0
10,4
10,3
10,2
10,1
10,0
8,4
8,3
8,2
8,1
8,0
6,5
6,4
6,3
6,2
6,1
6,0
5,3
5,2
5,1
5,0
4,3
4,2
4,1
4,0
3,6
3,5
3,4
3,3
3,2
3,1
3,0
2,12
2,11
2,10
2,9
2,8
2,7
2,6
2,5
2,4
2,3
2,2
2,1
2,0
1,3
1,2
1,1
1,0
0,439
0,434
0,424
0,410
0,324
0,243
0,9
0,0
0,1
0,408
0,300
0,407
0,299
0,406
0,298
0,405
0,297
0,404
0,296
0,429
0,295
0,403
0,294
0,402
0,293
0,401
0,292
0,433
0,291
0,400
0,290
0,399
0,289
0,398
0,288
0,438
0,287
0,397
0,286
0,396
0,285
0,428
0,284
0,395
0,283
0,394
0,282
0,393
0,281
0,392
0,280
0,391
0,279
0,390
0,278
0,427
0,277
0,389
0,276
0,388
0,275
0,387
0,274
0,437
0,273
0,386
0,272
0,385
0,271
0,384
0,270
37,0
37,1
37,3
37,4
40,0
40,1
40,3
43,0
43,1
43,3
43,4
45,0
45,2
45,3
47,0
47,1
47,3
47,4
49,1
49,3
49,4
52,1
52,2
52,4
53,0
53,1
53,3
53,4
54,0
54,1
54,3
58,1
58,2
58,4
60,0
60,2
60,4
62,0
62,2
62,3
65,0
65,1
65,3
68,1
68,2
68,4
68,5
69,1
69,3
69,4
71,1
71,2
71,4
72,1
72,2
75,0
75,1
75,3
75,4
78,0
78,2
78,3
78,5
80,0
80,2
80,4
83,0
83,2
83,3
83,5
86,0
86,2
86,4
86,5
89,1
89,2
89,4
91,0
91,1
91,3
91,4
97,1
97,2
97,4
100,0
100,1
100,3
100,4
103,0
103,2
103,3
103,5
106,0
106,2
106,4
106,5
109,1
109,2
109,4
109,5
112,1
112,3
112,4
113,0
113,1
113,3
117,1
117,2
117,4
117,5
118,1
118,2
118,4
119,1
119,2
119,4
121,0
121,2
124,0
124,1
124,3
124,4
125,0
125,1
125,3
125,5
125,6
127,1
127,2
127,4
129,1
129,2
129,4
132,0
132,2
132,3
132,5
134,1
134,2
134,4
137,0
137,2
137,4
137,5
141,1
141,2
141,4
141,6
141,5
141,3
141,0
137,3
137,1
134,3
134,0
132,4
132,1
129,3
129,0
127,3
127,0
125,4
125,2
124,5
124,2
121,3
121,1
119,3
119,0
118,3
118,0
117,3
117,0
113,2
112,5
112,2
112,0
109,3
109,0
106,3
106,1
103,4
103,1
100,5
100,2
97,5
97,3
97,0
91,2
89,5
89,3
89,0
86,3
86,1
83,4
83,1
80,3
80,1
78,4
78,1
75,5
75,2
72,3
72,0
71,3
71,0
69,2
69,0
68,3
68,0
65,2
62,4
62,1
60,3
60,1
58,3
58,0
54,2
53,5
53,2
52,5
52,3
52,0
49,2
49,0
47,2
45,4
45,1
43,5
43,2
40,4
40,2
37,5
37,2
0,426
0,269
0,383
0,268
0,382
0,267
0,425
0,266
0,381
0,265
0,380
0,264
0,379
0,263
0,378
0,262
0,377
0,261
0,430
0,260
0,376
0,259
0,422
0,258
0,375
0,257
0,374
0,256
0,373
0,255
0,372
0,254
0,371
0,253
0,370
0,252
0,421
0,251
0,369
0,250
0,368
0,249
0,432
0,248
0,367
0,247
0,366
0,246
0,365
0,245
0,364
0,244
0,363
0,242
0,362
0,241
0,436
0,240
0,361
0,239
0,360
0,238
0,359
0,237
0,420
0,236
0,358
0,235
0,357
0,234
0,356
0,233
0,419
0,232
0,355
0,231
0,354
0,230
0,431
0,229
0,353
0,228
0,352
0,227
0,351
0,226
0,350
0,225
0,349
0,224
0,348
0,223
0,347
0,222
0,346
0,221
0,345
0,220
0,418
0,219
0,344
0,218
0,343
0,217
0,417
0,216
0,342
0,215
0,341
0,214
0,340
0,213
0,440
0,212
0,338
0,211
0,416
0,210
0,337
0,209
0,415
0,208
0,336
0,207
0,206
0,334
0,205
0,333
0,204
0,332
0,203
0,331
0,202
0,414
0,201
0,330
0,200
0,329
0,199
0,435
0,198
0,328
0,197
0,327
0,196
0,326
0,195
0,325
0,194
0,323
0,193
0,322
0,192
0,321
0,63
0,413
0,62
0,320
0,61
0,319
0,60
0,412
0,59
0,318
0,58
0,317
0,57
0,316
0,56
0,315
0,55
0,314
0,54
0,411
0,53
0,313
0,52
0,409
0,51
0,312
0,50
0,311
0,49
0,310
0,48
0,309
0,47
0,308
0,46
0,307
0,45
0,301
0,6
0,5
0,304
0,303
0,306
0,305
0,302
0,12
0,423
0,10
0,8
0,11
0,4
0,2
0,3
0,7
